Frequency and relative frequency for Income 
     Income freq
1    10.354    1
2    10.363    1
3    10.403    1
4    10.503    1
5    10.588    1
6    10.627    1
7    10.635    1
8    10.726    1
9    10.735    1
10   10.742    1
11   10.793    1
12   10.842    1
13   10.852    1
14   11.187    1
15   11.603    1
16   11.741    1
17   11.795    1
18   11.808    1
19   12.000    1
20   12.031    1
21   12.068    1
22   12.096    1
23   12.238    1
24   12.335    1
25   12.414    1
26   12.456    1
27   12.581    1
28   13.234    1
29   13.364    1
30   13.433    1
31   13.444    1
32   13.561    1
33   13.647    1
34   13.676    1
35   14.084    1
36   14.090    1
37   14.132    1
38   14.292    1
39   14.312    1
40   14.479    1
41   14.595    1
42   14.711    1
43   14.887    1
44   14.891    1
45   14.956    1
46   15.045    1
47   15.079    1
48   15.125    1
49   15.184    1
50   15.333    1
51   15.354    1
52   15.476    1
53   15.560    1
54   15.602    1
55   15.629    1
56   15.717    1
57   15.741    1
58   15.846    1
59   15.866    1
60   16.103    1
61   16.279    1
62   16.304    1
63   16.479    1
64   16.482    1
65   16.529    1
66   16.711    1
67   16.751    1
68   16.819    1
69   17.055    1
70   17.316    1
71   17.392    1
72   17.700    1
73   17.765    1
74   17.976    1
75   18.036    1
76   18.145    1
77   18.701    1
78   18.951    1
79   18.967    1
80   19.144    1
81   19.225    1
82   19.253    1
83   19.349    1
84   19.529    1
85   19.531    1
86   19.537    1
87   19.588    1
88   19.636    1
89   19.782    1
90   20.088    1
91   20.089    1
92   20.103    1
93   20.150    1
94   20.191    1
95   20.405    1
96   20.791    1
97   20.918    1
98   20.936    1
99   20.974    1
100  20.996    1
101  21.011    1
102  21.038    1
103  21.153    1
104  21.238    1
105  21.374    1
106  21.455    1
107  21.551    1
108  21.786    1
109  22.379    1
110  22.561    1
111  22.574    1
112  22.939    1
113  23.012    1
114  23.106    1
115  23.283    1
116  23.350    1
117  23.365    1
118  23.375    1
119  23.450    1
120  23.672    1
121  23.793    2
122  23.857    1
123  23.883    1
124  23.949    1
125  23.989    1
126  24.050    1
127  24.088    1
128  24.230    1
129  24.314    1
130  24.460    1
131  24.543    1
132  24.824    1
133  24.889    1
134  24.919    1
135  25.078    1
136  25.124    1
137  25.383    1
138  25.936    1
139  25.974    1
140  25.988    1
141  26.067    1
142  26.162    1
143  26.370    1
144  26.400    1
145  26.427    1
146  26.532    1
147  26.813    1
148  27.039    1
149  27.229    1
150  27.241    1
151  27.272    1
152  27.330    1
153  27.349    1
154  27.369    1
155  27.470    1
156  27.512    1
157  27.578    1
158  27.590    1
159  27.794    1
160  27.825    1
161  27.847    1
162  27.952    1
163  27.999    1
164  28.144    1
165  28.316    1
166  28.474    1
167  28.508    1
168  28.575    1
169  28.941    1
170  29.400    1
171  29.403    1
172  29.564    1
173  29.567    1
174  29.638    1
175  29.705    1
176  29.725    1
177  30.002    1
178  30.007    1
179  30.012    1
180  30.111    1
181  30.132    1
182  30.406    1
183  30.413    1
184  30.420    1
185  30.550    1
186  30.622    1
187  30.682    1
188  30.733    1
189  31.029    1
190  31.335    1
191  31.353    1
192  31.367    1
193  31.811    1
194  31.861    1
195  32.164    1
196  32.793    1
197  32.856    1
198  32.916    1
199  33.017    1
200  33.214    1
201  33.437    1
202  33.657    1
203  33.694    1
204  34.142    1
205  34.480    1
206  34.509    1
207  34.537    1
208  34.664    1
209  34.772    1
210  34.909    1
211  34.950    1
212  35.177    1
213  35.510    1
214  35.610    1
215  35.691    1
216  35.864    1
217  36.142    1
218  36.295    1
219  36.355    1
220  36.362    1
221  36.364    1
222  36.472    1
223  36.496    1
224  36.508    1
225  36.929    1
226  36.934    1
227  37.348    1
228  37.728    1
229  37.878    1
230  38.009    1
231  38.954    1
232  39.055    1
233  39.110    1
234  39.116    1
235  39.145    1
236  39.422    1
237  39.609    1
238  39.705    1
239  39.831    1
240  40.442    1
241  40.885    1
242  41.025    1
243  41.192    1
244  41.365    1
245  41.400    1
246  41.419    1
247  41.532    1
248  41.868    1
249  42.079    1
250  42.357    1
251  42.471    1
252  42.529    1
253  42.915    1
254  43.479    1
255  43.540    1
256  43.682    1
257  44.061    1
258  44.158    1
259  44.205    1
260  44.473    1
261  44.522    1
262  44.646    1
263  44.847    1
264  44.978    1
265  45.120    1
266  46.007    1
267  46.102    1
268  48.218    1
269  48.498    1
270  48.577    1
271  49.166    1
272  49.502    1
273  49.570    1
274  49.794    1
275  49.927    1
276  50.699    1
277  51.345    1
278  51.532    1
279  51.872    1
280  52.179    1
281  53.217    1
282  53.308    1
283  53.319    1
284  53.401    1
285  53.480    1
286  53.566    1
287  53.598    1
288  54.319    1
289  54.663    1
290  55.054    1
291  55.056    1
292  55.187    1
293  55.367    1
294  55.412    1
295  55.882    1
296  56.256    1
297  57.100    1
298  57.202    1
299  57.337    1
300  57.872    1
301  58.026    1
302  58.063    1
303  58.165    1
304  58.351    1
305  58.781    1
306  58.929    1
307  59.530    1
308  59.855    1
309  59.879    1
310  60.449    1
311  60.579    1
312  61.069    1
313  61.620    1
314  62.328    1
315  62.413    1
316  62.602    1
317  63.095    1
318  63.534    1
319  63.809    1
320  63.931    1
321  64.027    1
322  64.173    1
323  65.896    1
324  66.989    1
325  67.937    1
326  68.206    1
327  68.462    1
328  68.713    1
329  69.165    1
330  69.251    1
331  69.656    1
332  69.943    1
333  71.061    1
334  71.408    1
335  71.682    1
336  72.945    1
337  73.327    1
338  73.914    1
339  75.257    1
340  75.406    1
341  76.273    1
342  76.348    1
343  76.782    1
344  77.380    1
345  80.180    1
346  80.616    1
347  80.861    1
348  82.706    1
349  83.851    1
350  83.869    1
351  83.948    1
352  85.425    1
353  87.625    1
354  88.830    1
355  89.000    1
356  91.362    1
357  91.876    1
358  92.112    1
359  92.386    1
360  93.039    1
361  94.193    1
362  98.515    1
363 101.788    1
364 103.893    1
365 104.483    1
366 104.593    1
367 106.025    1
368 107.841    1
369 107.986    1
370 110.968    1
371 113.659    1
372 113.772    1
373 113.829    1
374 115.123    1
375 115.520    1
376 121.709    1
377 121.834    1
378 123.299    1
379 124.290    1
380 125.480    1
381 128.040    1
382 128.669    1
383 130.209    1
384 134.181    1
385 135.118    1
386 140.672    1
387 146.183    1
388 148.080    1
389 148.924    1
390 149.316    1
391 151.947    1
392 152.298    1
393 158.889    1
394 160.231    1
395 163.329    1
396 180.379    1
397 180.682    1
398 182.728    1
399 186.634    1
  [1] 0.0025 0.0025 0.0025 0.0025 0.0025 0.0025 0.0025 0.0025 0.0025 0.0025
 [11] 0.0025 0.0025 0.0025 0.0025 0.0025 0.0025 0.0025 0.0025 0.0025 0.0025
 [21] 0.0025 0.0025 0.0025 0.0025 0.0025 0.0025 0.0025 0.0025 0.0025 0.0025
 [31] 0.0025 0.0025 0.0025 0.0025 0.0025 0.0025 0.0025 0.0025 0.0025 0.0025
 [41] 0.0025 0.0025 0.0025 0.0025 0.0025 0.0025 0.0025 0.0025 0.0025 0.0025
 [51] 0.0025 0.0025 0.0025 0.0025 0.0025 0.0025 0.0025 0.0025 0.0025 0.0025
 [61] 0.0025 0.0025 0.0025 0.0025 0.0025 0.0025 0.0025 0.0025 0.0025 0.0025
 [71] 0.0025 0.0025 0.0025 0.0025 0.0025 0.0025 0.0025 0.0025 0.0025 0.0025
 [81] 0.0025 0.0025 0.0025 0.0025 0.0025 0.0025 0.0025 0.0025 0.0025 0.0025
 [91] 0.0025 0.0025 0.0025 0.0025 0.0025 0.0025 0.0025 0.0025 0.0025 0.0025
[101] 0.0025 0.0025 0.0025 0.0025 0.0025 0.0025 0.0025 0.0025 0.0025 0.0025
[111] 0.0025 0.0025 0.0025 0.0025 0.0025 0.0025 0.0025 0.0025 0.0025 0.0025
[121] 0.0050 0.0025 0.0025 0.0025 0.0025 0.0025 0.0025 0.0025 0.0025 0.0025
[131] 0.0025 0.0025 0.0025 0.0025 0.0025 0.0025 0.0025 0.0025 0.0025 0.0025
[141] 0.0025 0.0025 0.0025 0.0025 0.0025 0.0025 0.0025 0.0025 0.0025 0.0025
[151] 0.0025 0.0025 0.0025 0.0025 0.0025 0.0025 0.0025 0.0025 0.0025 0.0025
[161] 0.0025 0.0025 0.0025 0.0025 0.0025 0.0025 0.0025 0.0025 0.0025 0.0025
[171] 0.0025 0.0025 0.0025 0.0025 0.0025 0.0025 0.0025 0.0025 0.0025 0.0025
[181] 0.0025 0.0025 0.0025 0.0025 0.0025 0.0025 0.0025 0.0025 0.0025 0.0025
[191] 0.0025 0.0025 0.0025 0.0025 0.0025 0.0025 0.0025 0.0025 0.0025 0.0025
[201] 0.0025 0.0025 0.0025 0.0025 0.0025 0.0025 0.0025 0.0025 0.0025 0.0025
[211] 0.0025 0.0025 0.0025 0.0025 0.0025 0.0025 0.0025 0.0025 0.0025 0.0025
[221] 0.0025 0.0025 0.0025 0.0025 0.0025 0.0025 0.0025 0.0025 0.0025 0.0025
[231] 0.0025 0.0025 0.0025 0.0025 0.0025 0.0025 0.0025 0.0025 0.0025 0.0025
[241] 0.0025 0.0025 0.0025 0.0025 0.0025 0.0025 0.0025 0.0025 0.0025 0.0025
[251] 0.0025 0.0025 0.0025 0.0025 0.0025 0.0025 0.0025 0.0025 0.0025 0.0025
[261] 0.0025 0.0025 0.0025 0.0025 0.0025 0.0025 0.0025 0.0025 0.0025 0.0025
[271] 0.0025 0.0025 0.0025 0.0025 0.0025 0.0025 0.0025 0.0025 0.0025 0.0025
[281] 0.0025 0.0025 0.0025 0.0025 0.0025 0.0025 0.0025 0.0025 0.0025 0.0025
[291] 0.0025 0.0025 0.0025 0.0025 0.0025 0.0025 0.0025 0.0025 0.0025 0.0025
[301] 0.0025 0.0025 0.0025 0.0025 0.0025 0.0025 0.0025 0.0025 0.0025 0.0025
[311] 0.0025 0.0025 0.0025 0.0025 0.0025 0.0025 0.0025 0.0025 0.0025 0.0025
[321] 0.0025 0.0025 0.0025 0.0025 0.0025 0.0025 0.0025 0.0025 0.0025 0.0025
[331] 0.0025 0.0025 0.0025 0.0025 0.0025 0.0025 0.0025 0.0025 0.0025 0.0025
[341] 0.0025 0.0025 0.0025 0.0025 0.0025 0.0025 0.0025 0.0025 0.0025 0.0025
[351] 0.0025 0.0025 0.0025 0.0025 0.0025 0.0025 0.0025 0.0025 0.0025 0.0025
[361] 0.0025 0.0025 0.0025 0.0025 0.0025 0.0025 0.0025 0.0025 0.0025 0.0025
[371] 0.0025 0.0025 0.0025 0.0025 0.0025 0.0025 0.0025 0.0025 0.0025 0.0025
[381] 0.0025 0.0025 0.0025 0.0025 0.0025 0.0025 0.0025 0.0025 0.0025 0.0025
[391] 0.0025 0.0025 0.0025 0.0025 0.0025 0.0025 0.0025 0.0025 0.0025
    Limit freq
1     855    2
2     886    1
3     905    1
4     906    1
5    1134    1
6    1160    1
7    1233    1
8    1300    1
9    1311    1
10   1335    1
11   1337    1
12   1349    1
13   1357    1
14   1362    1
15   1389    1
16   1402    1
17   1410    1
18   1433    1
19   1448    1
20   1485    1
21   1499    1
22   1501    1
23   1511    1
24   1551    1
25   1552    1
26   1561    1
27   1567    1
28   1568    1
29   1626    1
30   1647    1
31   1671    1
32   1705    1
33   1757    1
34   1774    1
35   1786    1
36   1787    1
37   1829    1
38   1852    1
39   1870    1
40   1924    1
41   2000    1
42   2001    1
43   2021    1
44   2047    1
45   2073    1
46   2101    1
47   2117    1
48   2120    2
49   2150    1
50   2161    1
51   2168    1
52   2179    1
53   2220    1
54   2252    1
55   2271    1
56   2278    1
57   2308    1
58   2327    1
59   2330    1
60   2420    1
61   2430    1
62   2433    1
63   2450    1
64   2493    1
65   2525    2
66   2529    1
67   2531    1
68   2532    1
69   2539    1
70   2558    1
71   2561    1
72   2586    1
73   2607    1
74   2631    1
75   2646    1
76   2672    1
77   2733    1
78   2748    1
79   2762    1
80   2820    1
81   2832    1
82   2860    2
83   2863    1
84   2880    1
85   2906    1
86   2910    1
87   2923    1
88   2937    1
89   2955    1
90   2959    1
91   2963    1
92   2998    1
93   3000    1
94   3063    1
95   3075    1
96   3085    1
97   3089    1
98   3096    1
99   3098    1
100  3155    1
101  3180    1
102  3182    1
103  3189    1
104  3202    1
105  3206    1
106  3211    1
107  3235    1
108  3254    1
109  3261    1
110  3271    1
111  3274    1
112  3291    1
113  3293    1
114  3300    1
115  3326    1
116  3327    1
117  3351    1
118  3388    2
119  3402    1
120  3409    1
121  3411    1
122  3449    1
123  3461    2
124  3476    1
125  3480    1
126  3484    1
127  3500    1
128  3526    1
129  3536    1
130  3557    1
131  3584    1
132  3606    1
133  3613    1
134  3615    1
135  3625    1
136  3665    1
137  3673    1
138  3683    1
139  3690    1
140  3714    1
141  3736    1
142  3746    1
143  3762    1
144  3782    1
145  3806    1
146  3807    1
147  3821    1
148  3838    1
149  3873    1
150  3874    1
151  3878    1
152  3899    1
153  3907    2
154  3922    1
155  3933    1
156  3954    1
157  3965    1
158  3969    1
159  3976    1
160  3977    1
161  4049    1
162  4090    1
163  4100    1
164  4116    1
165  4159    1
166  4160    1
167  4171    1
168  4221    1
169  4229    1
170  4263    1
171  4270    1
172  4284    1
173  4307    1
174  4323    1
175  4327    1
176  4336    1
177  4351    1
178  4378    1
179  4381    1
180  4391    2
181  4411    1
182  4431    1
183  4433    1
184  4442    1
185  4471    1
186  4523    1
187  4527    1
188  4534    1
189  4543    1
190  4569    1
191  4612    1
192  4613    1
193  4632    1
194  4640    1
195  4668    1
196  4673    1
197  4697    1
198  4706    1
199  4712    1
200  4716    1
201  4742    1
202  4745    1
203  4756    1
204  4763    1
205  4768    1
206  4776    1
207  4779    1
208  4788    1
209  4828    1
210  4831    1
211  4840    1
212  4865    1
213  4866    1
214  4891    1
215  4896    1
216  4897    1
217  4923    1
218  4941    1
219  4943    1
220  4952    1
221  4964    1
222  4970    1
223  4986    1
224  5000    1
225  5013    1
226  5043    1
227  5051    1
228  5072    1
229  5096    1
230  5099    1
231  5101    1
232  5107    1
233  5110    1
234  5137    1
235  5140    2
236  5145    1
237  5149    1
238  5179    1
239  5180    1
240  5182    1
241  5183    1
242  5184    1
243  5198    1
244  5199    1
245  5222    1
246  5227    1
247  5228    1
248  5245    1
249  5274    1
250  5289    1
251  5294    1
252  5303    1
253  5308    1
254  5309    1
255  5310    1
256  5319    1
257  5343    1
258  5352    1
259  5354    1
260  5380    1
261  5382    1
262  5384    1
263  5390    1
264  5395    1
265  5429    1
266  5435    1
267  5441    1
268  5443    1
269  5466    1
270  5495    1
271  5521    1
272  5524    1
273  5533    1
274  5550    1
275  5565    1
276  5611    1
277  5614    1
278  5619    1
279  5640    1
280  5666    1
281  5673    2
282  5728    1
283  5758    1
284  5759    1
285  5765    1
286  5767    1
287  5829    1
288  5833    1
289  5835    1
290  5869    1
291  5884    1
292  5891    1
293  5977    1
294  6033    1
295  6040    1
296  6045    1
297  6090    1
298  6127    1
299  6135    1
300  6179    1
301  6196    1
302  6207    1
303  6257    1
304  6340    1
305  6375    1
306  6378    1
307  6384    1
308  6386    2
309  6396    1
310  6420    1
311  6442    1
312  6457    1
313  6481    1
314  6555    1
315  6617    1
316  6626    1
317  6637    1
318  6645    1
319  6662    2
320  6754    1
321  6784    1
322  6819    2
323  6827    1
324  6906    1
325  6922    1
326  6982    1
327  7010    1
328  7056    1
329  7075    1
330  7100    1
331  7114    1
332  7140    1
333  7167    1
334  7306    1
335  7333    1
336  7398    1
337  7402    1
338  7416    1
339  7499    1
340  7506    1
341  7518    1
342  7530    1
343  7555    1
344  7569    1
345  7576    1
346  7582    1
347  7659    1
348  7667    1
349  7685    1
350  7760    1
351  7818    1
352  7838    1
353  7871    1
354  8028    1
355  8029    1
356  8047    1
357  8100    1
358  8117    1
359  8157    1
360  8244    1
361  8376    1
362  8494    1
363  8603    1
364  8732    1
365  8760    1
366  9113    1
367  9156    1
368  9272    1
369  9310    1
370  9504    1
371  9540    1
372  9560    1
373  9704    1
374  9824    1
375 10088    1
376 10230    1
377 10278    1
378 10384    1
379 10578    1
380 10673    1
381 10748    1
382 11200    1
383 11589    1
384 11966    1
385 12066    1
386 13414    1
387 13913    1
  [1] 0.0050 0.0025 0.0025 0.0025 0.0025 0.0025 0.0025 0.0025 0.0025 0.0025
 [11] 0.0025 0.0025 0.0025 0.0025 0.0025 0.0025 0.0025 0.0025 0.0025 0.0025
 [21] 0.0025 0.0025 0.0025 0.0025 0.0025 0.0025 0.0025 0.0025 0.0025 0.0025
 [31] 0.0025 0.0025 0.0025 0.0025 0.0025 0.0025 0.0025 0.0025 0.0025 0.0025
 [41] 0.0025 0.0025 0.0025 0.0025 0.0025 0.0025 0.0025 0.0050 0.0025 0.0025
 [51] 0.0025 0.0025 0.0025 0.0025 0.0025 0.0025 0.0025 0.0025 0.0025 0.0025
 [61] 0.0025 0.0025 0.0025 0.0025 0.0050 0.0025 0.0025 0.0025 0.0025 0.0025
 [71] 0.0025 0.0025 0.0025 0.0025 0.0025 0.0025 0.0025 0.0025 0.0025 0.0025
 [81] 0.0025 0.0050 0.0025 0.0025 0.0025 0.0025 0.0025 0.0025 0.0025 0.0025
 [91] 0.0025 0.0025 0.0025 0.0025 0.0025 0.0025 0.0025 0.0025 0.0025 0.0025
[101] 0.0025 0.0025 0.0025 0.0025 0.0025 0.0025 0.0025 0.0025 0.0025 0.0025
[111] 0.0025 0.0025 0.0025 0.0025 0.0025 0.0025 0.0025 0.0050 0.0025 0.0025
[121] 0.0025 0.0025 0.0050 0.0025 0.0025 0.0025 0.0025 0.0025 0.0025 0.0025
[131] 0.0025 0.0025 0.0025 0.0025 0.0025 0.0025 0.0025 0.0025 0.0025 0.0025
[141] 0.0025 0.0025 0.0025 0.0025 0.0025 0.0025 0.0025 0.0025 0.0025 0.0025
[151] 0.0025 0.0025 0.0050 0.0025 0.0025 0.0025 0.0025 0.0025 0.0025 0.0025
[161] 0.0025 0.0025 0.0025 0.0025 0.0025 0.0025 0.0025 0.0025 0.0025 0.0025
[171] 0.0025 0.0025 0.0025 0.0025 0.0025 0.0025 0.0025 0.0025 0.0025 0.0050
[181] 0.0025 0.0025 0.0025 0.0025 0.0025 0.0025 0.0025 0.0025 0.0025 0.0025
[191] 0.0025 0.0025 0.0025 0.0025 0.0025 0.0025 0.0025 0.0025 0.0025 0.0025
[201] 0.0025 0.0025 0.0025 0.0025 0.0025 0.0025 0.0025 0.0025 0.0025 0.0025
[211] 0.0025 0.0025 0.0025 0.0025 0.0025 0.0025 0.0025 0.0025 0.0025 0.0025
[221] 0.0025 0.0025 0.0025 0.0025 0.0025 0.0025 0.0025 0.0025 0.0025 0.0025
[231] 0.0025 0.0025 0.0025 0.0025 0.0050 0.0025 0.0025 0.0025 0.0025 0.0025
[241] 0.0025 0.0025 0.0025 0.0025 0.0025 0.0025 0.0025 0.0025 0.0025 0.0025
[251] 0.0025 0.0025 0.0025 0.0025 0.0025 0.0025 0.0025 0.0025 0.0025 0.0025
[261] 0.0025 0.0025 0.0025 0.0025 0.0025 0.0025 0.0025 0.0025 0.0025 0.0025
[271] 0.0025 0.0025 0.0025 0.0025 0.0025 0.0025 0.0025 0.0025 0.0025 0.0025
[281] 0.0050 0.0025 0.0025 0.0025 0.0025 0.0025 0.0025 0.0025 0.0025 0.0025
[291] 0.0025 0.0025 0.0025 0.0025 0.0025 0.0025 0.0025 0.0025 0.0025 0.0025
[301] 0.0025 0.0025 0.0025 0.0025 0.0025 0.0025 0.0025 0.0050 0.0025 0.0025
[311] 0.0025 0.0025 0.0025 0.0025 0.0025 0.0025 0.0025 0.0025 0.0050 0.0025
[321] 0.0025 0.0050 0.0025 0.0025 0.0025 0.0025 0.0025 0.0025 0.0025 0.0025
[331] 0.0025 0.0025 0.0025 0.0025 0.0025 0.0025 0.0025 0.0025 0.0025 0.0025
[341] 0.0025 0.0025 0.0025 0.0025 0.0025 0.0025 0.0025 0.0025 0.0025 0.0025
[351] 0.0025 0.0025 0.0025 0.0025 0.0025 0.0025 0.0025 0.0025 0.0025 0.0025
[361] 0.0025 0.0025 0.0025 0.0025 0.0025 0.0025 0.0025 0.0025 0.0025 0.0025
[371] 0.0025 0.0025 0.0025 0.0025 0.0025 0.0025 0.0025 0.0025 0.0025 0.0025
[381] 0.0025 0.0025 0.0025 0.0025 0.0025 0.0025 0.0025
    Rating freq
1       93    1
2      103    1
3      112    1
4      115    1
5      117    1
6      119    1
7      120    1
8      121    1
9      122    1
10     126    2
11     128    2
12     129    1
13     134    1
14     135    1
15     137    2
16     138    3
17     142    3
18     143    1
19     145    1
20     147    1
21     149    2
22     150    1
23     154    1
24     155    1
25     156    2
26     160    2
27     162    2
28     165    1
29     167    3
30     169    1
31     171    1
32     173    2
33     175    1
34     178    1
35     180    2
36     181    1
37     182    1
38     183    1
39     184    1
40     186    2
41     187    1
42     188    2
43     189    1
44     190    1
45     191    1
46     192    3
47     195    1
48     196    1
49     199    1
50     200    1
51     203    1
52     204    1
53     205    2
54     206    1
55     210    1
56     213    1
57     214    2
58     215    2
59     217    1
60     219    1
61     220    1
62     221    1
63     223    2
64     224    1
65     228    1
66     229    1
67     231    1
68     232    2
69     235    3
70     236    2
71     241    1
72     243    1
73     245    1
74     248    1
75     249    1
76     250    1
77     251    2
78     253    2
79     254    1
80     256    1
81     257    2
82     259    3
83     260    1
84     261    1
85     262    1
86     263    3
87     264    1
88     265    1
89     266    2
90     267    1
91     268    2
92     269    1
93     270    2
94     272    1
95     278    1
96     279    2
97     280    1
98     281    2
99     282    2
100    283    1
101    286    1
102    287    4
103    288    1
104    289    2
105    291    1
106    292    2
107    293    1
108    294    1
109    296    4
110    297    1
111    298    1
112    299    3
113    300    1
114    301    2
115    304    2
116    307    1
117    309    1
118    310    1
119    314    1
120    316    2
121    317    1
122    318    1
123    320    3
124    321    3
125    323    1
126    326    2
127    329    1
128    332    1
129    333    1
130    335    1
131    337    1
132    338    2
133    339    3
134    340    1
135    341    2
136    342    1
137    344    5
138    347    1
139    351    2
140    352    2
141    353    3
142    354    1
143    355    2
144    357    1
145    358    1
146    360    2
147    362    1
148    364    2
149    365    2
150    366    1
151    367    3
152    368    1
153    369    3
154    370    2
155    371    1
156    372    2
157    374    1
158    376    2
159    377    3
160    378    1
161    379    1
162    380    3
163    381    1
164    382    2
165    383    4
166    385    1
167    386    1
168    387    3
169    388    2
170    389    1
171    390    1
172    392    2
173    394    2
174    396    1
175    397    1
176    398    3
177    401    1
178    402    1
179    406    2
180    407    1
181    409    1
182    410    3
183    411    2
184    413    3
185    415    1
186    418    2
187    420    1
188    427    1
189    429    1
190    430    1
191    431    1
192    433    3
193    434    1
194    435    1
195    437    1
196    438    1
197    439    1
198    440    1
199    442    1
200    445    1
201    448    2
202    449    1
203    450    1
204    451    1
205    452    1
206    455    1
207    456    1
208    458    1
209    459    3
210    460    1
211    462    1
212    466    1
213    468    1
214    469    2
215    472    1
216    474    1
217    479    1
218    481    1
219    482    1
220    483    2
221    485    1
222    489    1
223    491    2
224    494    1
225    499    1
226    503    1
227    505    1
228    507    1
229    508    1
230    511    1
231    512    1
232    514    1
233    515    2
234    517    1
235    518    1
236    522    1
237    527    2
238    529    1
239    531    1
240    534    1
241    536    1
242    538    3
243    543    1
244    547    1
245    549    1
246    554    1
247    560    1
248    563    1
249    564    2
250    569    1
251    574    1
252    579    1
253    581    1
254    584    1
255    589    1
256    599    2
257    607    1
258    610    1
259    621    1
260    626    1
261    633    1
262    636    1
263    642    1
264    656    1
265    665    1
266    681    1
267    682    1
268    685    1
269    694    1
270    701    1
271    707    1
272    721    1
273    728    1
274    730    1
275    747    1
276    750    1
277    754    1
278    805    1
279    817    1
280    828    1
281    832    1
282    949    1
283    982    1
  [1] 0.0025 0.0025 0.0025 0.0025 0.0025 0.0025 0.0025 0.0025 0.0025 0.0050
 [11] 0.0050 0.0025 0.0025 0.0025 0.0050 0.0075 0.0075 0.0025 0.0025 0.0025
 [21] 0.0050 0.0025 0.0025 0.0025 0.0050 0.0050 0.0050 0.0025 0.0075 0.0025
 [31] 0.0025 0.0050 0.0025 0.0025 0.0050 0.0025 0.0025 0.0025 0.0025 0.0050
 [41] 0.0025 0.0050 0.0025 0.0025 0.0025 0.0075 0.0025 0.0025 0.0025 0.0025
 [51] 0.0025 0.0025 0.0050 0.0025 0.0025 0.0025 0.0050 0.0050 0.0025 0.0025
 [61] 0.0025 0.0025 0.0050 0.0025 0.0025 0.0025 0.0025 0.0050 0.0075 0.0050
 [71] 0.0025 0.0025 0.0025 0.0025 0.0025 0.0025 0.0050 0.0050 0.0025 0.0025
 [81] 0.0050 0.0075 0.0025 0.0025 0.0025 0.0075 0.0025 0.0025 0.0050 0.0025
 [91] 0.0050 0.0025 0.0050 0.0025 0.0025 0.0050 0.0025 0.0050 0.0050 0.0025
[101] 0.0025 0.0100 0.0025 0.0050 0.0025 0.0050 0.0025 0.0025 0.0100 0.0025
[111] 0.0025 0.0075 0.0025 0.0050 0.0050 0.0025 0.0025 0.0025 0.0025 0.0050
[121] 0.0025 0.0025 0.0075 0.0075 0.0025 0.0050 0.0025 0.0025 0.0025 0.0025
[131] 0.0025 0.0050 0.0075 0.0025 0.0050 0.0025 0.0125 0.0025 0.0050 0.0050
[141] 0.0075 0.0025 0.0050 0.0025 0.0025 0.0050 0.0025 0.0050 0.0050 0.0025
[151] 0.0075 0.0025 0.0075 0.0050 0.0025 0.0050 0.0025 0.0050 0.0075 0.0025
[161] 0.0025 0.0075 0.0025 0.0050 0.0100 0.0025 0.0025 0.0075 0.0050 0.0025
[171] 0.0025 0.0050 0.0050 0.0025 0.0025 0.0075 0.0025 0.0025 0.0050 0.0025
[181] 0.0025 0.0075 0.0050 0.0075 0.0025 0.0050 0.0025 0.0025 0.0025 0.0025
[191] 0.0025 0.0075 0.0025 0.0025 0.0025 0.0025 0.0025 0.0025 0.0025 0.0025
[201] 0.0050 0.0025 0.0025 0.0025 0.0025 0.0025 0.0025 0.0025 0.0075 0.0025
[211] 0.0025 0.0025 0.0025 0.0050 0.0025 0.0025 0.0025 0.0025 0.0025 0.0050
[221] 0.0025 0.0025 0.0050 0.0025 0.0025 0.0025 0.0025 0.0025 0.0025 0.0025
[231] 0.0025 0.0025 0.0050 0.0025 0.0025 0.0025 0.0050 0.0025 0.0025 0.0025
[241] 0.0025 0.0075 0.0025 0.0025 0.0025 0.0025 0.0025 0.0025 0.0050 0.0025
[251] 0.0025 0.0025 0.0025 0.0025 0.0025 0.0050 0.0025 0.0025 0.0025 0.0025
[261] 0.0025 0.0025 0.0025 0.0025 0.0025 0.0025 0.0025 0.0025 0.0025 0.0025
[271] 0.0025 0.0025 0.0025 0.0025 0.0025 0.0025 0.0025 0.0025 0.0025 0.0025
[281] 0.0025 0.0025 0.0025
  Cards freq
1     1   51
2     2  115
3     3  111
4     4   72
5     5   34
6     6   11
7     7    4
8     8    1
9     9    1
[1] 0.1275 0.2875 0.2775 0.1800 0.0850 0.0275 0.0100 0.0025 0.0025
   Age freq
1   23    1
2   24    3
3   25    7
4   26    1
5   27    2
6   28    5
7   29    5
8   30    8
9   31    3
10  32    8
11  33    7
12  34    6
13  35    6
14  36    5
15  37    8
16  38    5
17  39    4
18  40    7
19  41    9
20  42    4
21  43    5
22  44   13
23  45    5
24  46   10
25  47   11
26  48    6
27  49    7
28  50   12
29  51    6
30  52    6
31  53    3
32  54    4
33  55    5
34  56    9
35  57   10
36  58    6
37  59    6
38  60    6
39  61    1
40  62    6
41  63    5
42  64    9
43  65    5
44  66   13
45  67   10
46  68    6
47  69   10
48  70    7
49  71    9
50  72    7
51  73    2
52  74    4
53  75    8
54  76    5
55  77    5
56  78    7
57  79    7
58  80    7
59  81   10
60  82    5
61  83    6
62  84    5
63  85    1
64  86    1
65  87    2
66  89    1
67  91    1
68  98    1
 [1]  1  3  7  1  2  5  5  8  3  8  7  6  6  5  8  5  4  7  9  4  5 13  5 10 11
[26]  6  7 12  6  6  3  4  5  9 10  6  6  6  1  6  5  9  5 13 10  6 10  7  9  7
[51]  2  4  8  5  5  7  7  7 10  5  6  5  1  1  2  1  1  1
   Education freq
1          5    1
2          6    5
3          7    8
4          8   14
5          9   25
6         10   24
7         11   33
8         12   37
9         13   38
10        14   48
11        15   49
12        16   50
13        17   34
14        18   22
15        19   10
16        20    2
 [1] 0.0025 0.0125 0.0200 0.0350 0.0625 0.0600 0.0825 0.0925 0.0950 0.1200
[11] 0.1225 0.1250 0.0850 0.0550 0.0250 0.0050
    Balance freq
1         0   90
2         5    1
3         8    1
4        15    1
5        16    1
6        29    1
7        47    1
8        50    1
9        52    2
10       68    1
11       69    1
12       70    1
13       75    1
14       81    1
15       89    1
16       95    1
17       98    1
18       99    1
19      108    2
20      118    1
21      121    1
22      126    1
23      132    1
24      133    3
25      136    2
26      138    1
27      145    1
28      148    2
29      155    1
30      156    2
31      159    1
32      162    1
33      163    1
34      172    1
35      182    1
36      187    1
37      188    2
38      191    1
39      194    1
40      195    1
41      199    1
42      203    1
43      204    2
44      209    1
45      210    1
46      211    1
47      216    1
48      218    1
49      227    1
50      230    1
51      246    1
52      250    1
53      255    1
54      265    1
55      269    1
56      271    1
57      279    1
58      283    1
59      293    1
60      295    1
61      297    1
62      298    1
63      302    1
64      308    1
65      309    1
66      320    1
67      331    1
68      333    2
69      336    1
70      344    1
71      345    2
72      347    1
73      357    1
74      368    1
75      371    1
76      375    1
77      379    1
78      380    1
79      382    2
80      384    1
81      385    1
82      391    1
83      410    1
84      411    1
85      413    1
86      414    1
87      415    1
88      419    1
89      423    1
90      425    1
91      426    1
92      429    1
93      431    1
94      436    1
95      443    1
96      450    1
97      453    1
98      454    1
99      456    1
100     463    1
101     465    1
102     467    1
103     474    1
104     480    1
105     481    1
106     482    1
107     485    1
108     489    1
109     503    2
110     510    1
111     516    1
112     526    1
113     529    1
114     531    3
115     532    1
116     534    1
117     538    1
118     541    1
119     548    1
120     549    1
121     560    1
122     570    1
123     571    1
124     573    1
125     578    1
126     579    1
127     580    2
128     581    1
129     583    1
130     588    1
131     594    1
132     601    1
133     602    1
134     605    1
135     606    1
136     607    1
137     611    1
138     631    1
139     633    1
140     637    1
141     638    1
142     642    1
143     651    1
144     653    2
145     654    2
146     657    1
147     661    2
148     663    1
149     669    1
150     671    1
151     681    2
152     689    1
153     701    1
154     710    2
155     711    1
156     712    1
157     717    1
158     721    1
159     724    1
160     728    1
161     732    2
162     734    1
163     745    1
164     749    1
165     762    1
166     767    1
167     768    1
168     772    1
169     789    1
170     790    1
171     797    1
172     799    1
173     802    1
174     805    1
175     806    1
176     812    1
177     815    1
178     822    1
179     823    1
180     829    1
181     835    1
182     836    1
183     840    1
184     843    1
185     844    1
186     846    1
187     849    1
188     856    1
189     863    2
190     868    1
191     872    1
192     885    1
193     889    1
194     890    1
195     891    1
196     902    1
197     903    1
198     904    1
199     905    2
200     907    1
201     912    1
202     915    1
203     926    1
204     930    1
205     937    1
206     942    1
207     945    1
208     955    1
209     957    1
210     962    1
211     964    1
212     966    1
213     967    1
214     968    1
215     976    1
216     984    1
217     992    1
218     997    1
219    1000    1
220    1003    1
221    1018    1
222    1020    1
223    1023    1
224    1032    1
225    1036    1
226    1046    1
227    1048    3
228    1050    2
229    1054    1
230    1058    1
231    1075    1
232    1081    1
233    1084    1
234    1086    1
235    1092    1
236    1093    1
237    1099    1
238    1103    1
239    1107    1
240    1120    1
241    1129    1
242    1140    1
243    1142    1
244    1151    1
245    1155    1
246    1176    1
247    1192    1
248    1208    1
249    1216    1
250    1230    1
251    1237    1
252    1241    1
253    1243    1
254    1246    1
255    1255    1
256    1259    1
257    1264    1
258    1298    1
259    1311    1
260    1329    1
261    1341    1
262    1350    1
263    1352    1
264    1355    1
265    1361    1
266    1380    1
267    1388    1
268    1393    1
269    1404    1
270    1405    1
271    1407    1
272    1411    1
273    1425    1
274    1426    1
275    1448    1
276    1549    1
277    1573    1
278    1587    1
279    1597    1
280    1677    1
281    1687    1
282    1779    1
283    1809    1
284    1999    1
  [1] 0.2250 0.0025 0.0025 0.0025 0.0025 0.0025 0.0025 0.0025 0.0050 0.0025
 [11] 0.0025 0.0025 0.0025 0.0025 0.0025 0.0025 0.0025 0.0025 0.0050 0.0025
 [21] 0.0025 0.0025 0.0025 0.0075 0.0050 0.0025 0.0025 0.0050 0.0025 0.0050
 [31] 0.0025 0.0025 0.0025 0.0025 0.0025 0.0025 0.0050 0.0025 0.0025 0.0025
 [41] 0.0025 0.0025 0.0050 0.0025 0.0025 0.0025 0.0025 0.0025 0.0025 0.0025
 [51] 0.0025 0.0025 0.0025 0.0025 0.0025 0.0025 0.0025 0.0025 0.0025 0.0025
 [61] 0.0025 0.0025 0.0025 0.0025 0.0025 0.0025 0.0025 0.0050 0.0025 0.0025
 [71] 0.0050 0.0025 0.0025 0.0025 0.0025 0.0025 0.0025 0.0025 0.0050 0.0025
 [81] 0.0025 0.0025 0.0025 0.0025 0.0025 0.0025 0.0025 0.0025 0.0025 0.0025
 [91] 0.0025 0.0025 0.0025 0.0025 0.0025 0.0025 0.0025 0.0025 0.0025 0.0025
[101] 0.0025 0.0025 0.0025 0.0025 0.0025 0.0025 0.0025 0.0025 0.0050 0.0025
[111] 0.0025 0.0025 0.0025 0.0075 0.0025 0.0025 0.0025 0.0025 0.0025 0.0025
[121] 0.0025 0.0025 0.0025 0.0025 0.0025 0.0025 0.0050 0.0025 0.0025 0.0025
[131] 0.0025 0.0025 0.0025 0.0025 0.0025 0.0025 0.0025 0.0025 0.0025 0.0025
[141] 0.0025 0.0025 0.0025 0.0050 0.0050 0.0025 0.0050 0.0025 0.0025 0.0025
[151] 0.0050 0.0025 0.0025 0.0050 0.0025 0.0025 0.0025 0.0025 0.0025 0.0025
[161] 0.0050 0.0025 0.0025 0.0025 0.0025 0.0025 0.0025 0.0025 0.0025 0.0025
[171] 0.0025 0.0025 0.0025 0.0025 0.0025 0.0025 0.0025 0.0025 0.0025 0.0025
[181] 0.0025 0.0025 0.0025 0.0025 0.0025 0.0025 0.0025 0.0025 0.0050 0.0025
[191] 0.0025 0.0025 0.0025 0.0025 0.0025 0.0025 0.0025 0.0025 0.0050 0.0025
[201] 0.0025 0.0025 0.0025 0.0025 0.0025 0.0025 0.0025 0.0025 0.0025 0.0025
[211] 0.0025 0.0025 0.0025 0.0025 0.0025 0.0025 0.0025 0.0025 0.0025 0.0025
[221] 0.0025 0.0025 0.0025 0.0025 0.0025 0.0025 0.0075 0.0050 0.0025 0.0025
[231] 0.0025 0.0025 0.0025 0.0025 0.0025 0.0025 0.0025 0.0025 0.0025 0.0025
[241] 0.0025 0.0025 0.0025 0.0025 0.0025 0.0025 0.0025 0.0025 0.0025 0.0025
[251] 0.0025 0.0025 0.0025 0.0025 0.0025 0.0025 0.0025 0.0025 0.0025 0.0025
[261] 0.0025 0.0025 0.0025 0.0025 0.0025 0.0025 0.0025 0.0025 0.0025 0.0025
[271] 0.0025 0.0025 0.0025 0.0025 0.0025 0.0025 0.0025 0.0025 0.0025 0.0025
[281] 0.0025 0.0025 0.0025 0.0025
